
zone;-1135.5977783203;-1543.4477539063;-156.08555603027;-485.95626831055;-1293.03125;70.481857299805
line;-503.70712280273;-2118.5502929688;127.96873474121;-539.78210449219;-2115.1437988281;127.96876525879
line;-799.96875;-2199.6640625;-57.617694854736;-319.34329223633;-2292.2763671875;-101.04341888428
line;111.96875;-2263.9689941406;-39.685985565186;111.96875;-2263.298828125;95.387191772461
line;-707.53344726563;-2070.3854980469;-64.572799682617;-707.53344726563;-2070.3854980469;-169.50738525391
line;267.03125;-1604.7779541016;-174.90753173828;267.03125;-1605.0826416016;-76.439605712891
line;-106.65804290771;-1585.0827636719;-53.968746185303;-103.60622406006;-1513.31640625;-53.96875
line;477.86022949219;-1541.9309082031;-146.93003845215;476.96875;-1538.4481201172;-168.51260375977
line;477.86022949219;-1541.91015625;-147.06993103027;477.86026000977;-1566.3933105469;-128.07162475586
line;477.86029052734;-1566.4898681641;-127.88909912109;477.86022949219;-1631.4190673828;-113.59023284912
line;-523.5927734375;-1989.400390625;-176.20172119141;-523.48162841797;-1989.3818359375;-116.4481048584
line;3.4221420288086;-2183.96875;75.430679321289;3.1282730102539;-2183.96875;-37.080337524414
line;3.4294567108154;-2183.96875;75.445030212402;111.95596313477;-2263.90234375;95.96875
line;-16.081085205078;-1906.03125;-49.874340057373;-15.998840332031;-1906.0432128906;-167.96875
line;-16.10910987854;-1906.03125;-49.895309448242;-19.766056060791;-2181.96875;-43.662078857422
line;-519.80889892578;-1644.03125;-43.783843994141;-520.01062011719;-1644.1608886719;-163.96875
line;-519.95379638672;-1640.0140380859;-39.96875;-519.74176025391;-1644.03125;-43.701522827148
line;-536.04724121094;-1623.9965820313;-39.96875;-519.97430419922;-1639.9805908203;-39.968753814697
line;-535.98516845703;-1623.9373779297;-39.96875;-535.96868896484;-1512.0015869141;-39.96875
line;-480.02893066406;-1512.0278320313;-39.96875;-480.04217529297;-1511.9978027344;44.947143554688
line;-479.88613891602;-1512.0983886719;-39.96875;-535.94702148438;-1512.0015869141;-39.968746185303
zone;-896.00610351563;-1476.1866455078;-167.96875;-483.79650878906;-1293.03125;-41.777381896973
line;-726.83123779297;-806.20031738281;-134.10877990723;-726.96875;-806.30560302734;-263.36163330078
line;-726.81781005859;-806.15118408203;-134.05755615234;-706.81353759766;-805.96533203125;-99.874053955078
line;-664.1787109375;-805.96533203125;-82.815773010254;-706.6708984375;-805.96533203125;-100.08246612549
line;-621.92321777344;-805.96533203125;-98.846656799316;-664.13366699219;-805.96533203125;-82.812919616699
line;-621.79901123047;-805.96533203125;-98.857131958008;-600.89715576172;-804.96875;-132.69763183594
line;-600.94268798828;-804.96875;-132.64956665039;-601.03125;-805.59265136719;-262.02630615234
line;-260.7509765625;-525.49658203125;-146.98568725586;-884.37341308594;-520.41760253906;-145.01808166504
line;-853.96875;60.439849853516;-166.89495849609;-853.96875;60.424453735352;-58.140430450439
zone;-383.93817138672;-951.96875;-167.96875;-163.86811828613;-808.27697753906;-56.050853729248
line;-1100.4556884766;-699.96875;-50.571628570557;-1100.6989746094;-699.96875;-130.67443847656
line;-1100.4312744141;-699.96875;-50.658668518066;-1098.4287109375;-548.03125;-51.88875579834
line;-1098.0871582031;-548.03125;-51.52970123291;-1102.3150634766;-548.03125;-129.41319274902
line;-1104.03125;-547.64685058594;-129.17283630371;-1100.75390625;-699.96875;-130.8225402832
line;-928.15667724609;-135.96875;-167.43954467773;-929.1748046875;-135.96875;-40.659309387207
line;-929.09655761719;-135.96875;-41.039978027344;-931.73620605469;-40.03125;-40.830184936523
line;-931.70385742188;-40.03125;-41.140407562256;-932.47113037109;-40.350677490234;-167.96875
line;-932.32312011719;-40.03125;-167.84118652344;-928.24432373047;-135.39715576172;-167.96875
line;-853.96875;55.67684173584;-56.605686187744;-853.96875;59.386138916016;-166.08390808105
line;-853.96875;-9.9095420837402;-56.435787200928;-853.96875;55.929580688477;-56.685325622559
line;-922.84381103516;-14.03125;-56.519046783447;-853.96875;-10.471496582031;-56.732810974121
line;-640.41131591797;-328.20358276367;103.96875;-635.3447265625;-332.36541748047;-162.03480529785
line;-928.05938720703;-523.98474121094;-97.765419006348;-928.03051757813;-524.01373291016;-261.46539306641
line;-952.03125;-509.81973266602;-264.28686523438;-952.03125;-535.84332275391;-264.08480834961
zone;-1263.9647216797;-920.15960693359;-167.96875;-1104.3239746094;-441.03317260742;19.96875
line;126.21736907959;-886.17315673828;-45.6653175354;125.96578216553;-885.96875;-165.30902099609
line;-911.96875;-359.55947875977;-48.238327026367;-912.40386962891;-360.03125;-143.43322753906
line;-928.03125;-365.53894042969;-141.53939819336;-928.03125;-447.81500244141;-142.833984375
line;-927.20983886719;-448.21038818359;-48.09375;-928.03125;-447.83184814453;-141.64768981934
line;-852.47521972656;-501.3876953125;-139.18395996094;-856.9189453125;-504.66073608398;-95.543487548828
line;-852.44140625;-505.16970825195;-139.46159362793;-637.29351806641;-510.02508544922;-144.05950927734
line;-31.98416519165;-327.99206542969;-40.302017211914;-31.6673412323;-328.10876464844;-151.96875
line;286.60745239258;-778.03125;-89.121643066406;285.7294921875;-778.03125;-159.23518371582
line;302.25436401367;-527.92620849609;-88.905822753906;301.81042480469;-528.42803955078;-159.54765319824
line;302.41430664063;-528.72326660156;-87.96875;287.17208862305;-777.50128173828;-87.96875
line;-384.06683349609;-807.92498779297;-56.03125;-383.86532592773;-808.03125;-167.78408813477
line;-234.46484375;-808.06243896484;-167.96875;-383.96875;-808.05291748047;-167.95655822754
line;-380.78115844727;-870.36773681641;-164.73896789551;-383.83044433594;-808.03021240234;-167.8250579834
zone;97.152961730957;-951.47534179688;-156.31546020508;518.96875;-50.045543670654;-39.610088348389
line;-601.03125;-805.04766845703;-135.30665588379;-601.03125;-807.17907714844;-262.18380737305
line;-621.64611816406;-805.96533203125;-98.681732177734;-601.03125;-805.31182861328;-135.02705383301
line;-663.97009277344;-805.96533203125;-82.721092224121;-621.57751464844;-805.96533203125;-98.69165802002
line;-663.52972412109;-840.77111816406;-83.652160644531;-663.80010986328;-805.96533203125;-82.753562927246
line;-705.86315917969;-841.88726806641;-99.324897766113;-663.70947265625;-840.82269287109;-83.605392456055
line;-727.57550048828;-842.03125;-131.47895812988;-705.92083740234;-841.88726806641;-99.28638458252
line;-728.3369140625;-842.03125;-167.36619567871;-727.72741699219;-842.03125;-131.51329040527
line;-735.96875;-940.25946044922;-168.11856079102;-735.36248779297;-844.95495605469;-167.96875
line;-1092.0522460938;-699.73071289063;-57.03125;-1091.9079589844;-699.5341796875;-134.96875
line;-1091.3988037109;-548.10162353516;-53.03125;-1092.1827392578;-699.96875;-57.079524993896
line;-1092.1140136719;-548.03125;-134.71351623535;-1091.6389160156;-548.03125;-53.466178894043
line;-1091.8729248047;-699.67431640625;-134.96875;-1092.1878662109;-548.03125;-134.52960205078
line;-928.11389160156;-523.93023681641;-184.38296508789;-927.93518066406;-524.03125;-263.30099487305
line;-952.03125;-535.95983886719;-264.02899169922;-952.03125;-513.96276855469;-263.97009277344
line;-640.05859375;-327.88284301758;-41.643226623535;-640.2802734375;-327.53192138672;-159.96875
line;-927.93939208984;-135.90667724609;-168;-928.00762939453;-135.96875;-40.295463562012
line;-927.96875;-105.6668548584;-40.011322021484;-930.08502197266;-135.63629150391;-40.03125
zone;-1040.4643554688;-411.32366943359;-169.85285949707;-639.83264160156;308.2373046875;-32.544464111328
line;-664.05078125;-280.04180908203;-157.96875;-664.01861572266;-279.97436523438;-71.65202331543
line;-383.96875;-808.09875488281;-167.95608520508;-383.96875;-808.09979248047;-56.109634399414
line;126.33415222168;-886.28991699219;-165.67324829102;125.47415924072;-885.96875;-45.400939941406
line;65.239761352539;-886.71606445313;-40.107864379883;125.4451675415;-885.96875;-40.211639404297
line;61.968757629395;-890.41186523438;-40.036434173584;65.305931091309;-886.64984130859;-40.07723236084
line;61.96875;-950.92291259766;-40.189666748047;61.96875;-890.38598632813;-40.058540344238
line;306.63888549805;-528.24896240234;-88.355583190918;305.36151123047;-527.14025878906;-160.32661437988
line;289.0651550293;-778.03125;-88.72193145752;288.12457275391;-778.03125;-160.97479248047
line;306.69351196289;-530.17553710938;-87.96875;289.49429321289;-776.44732666016;-87.96875
line;-31.961284637451;-327.98065185547;-25.718414306641;-31.980457305908;-328.10247802734;-151.96875
zone;-1087.96875;-666.98345947266;-363.89007568359;-920.14526367188;-184.03125;-139.2565612793
line;-726.96875;-805.33038330078;-263.34475708008;-726.96875;-805.27215576172;-134.94071960449
line;-701.60845947266;-806.01684570313;-96.968887329102;-726.96875;-805.45709228516;-135.02221679688
line;-701.51818847656;-806.01831054688;-96.915313720703;-664.10302734375;-805.96533203125;-82.675308227539
line;-564.25958251953;-968.06201171875;-167.96875;-563.91314697266;-968.03125;-62.214668273926
line;-592.03125;-988.33551025391;-168.10353088379;-592.03125;-934.82672119141;-168.1459197998
line;-383.96875;-808.09484863281;-56.129257202148;-383.96875;-808.06658935547;-167.9034576416
line;-288.48486328125;-808.04766845703;-167.96875;-383.86077880859;-808.16400146484;-167.96875
line;289.02297973633;-778.03125;-88.769737243652;288.15902709961;-778.03125;-160.38255310059
line;306.58224487305;-528.19982910156;-88.539566040039;305.63552856445;-527.37811279297;-160.46746826172
line;306.42294311523;-529.4130859375;-87.96875;289.11407470703;-776.88500976563;-87.96875
line;125.89880371094;-885.96875;-46.141204833984;125.73098754883;-885.96875;-166.35037231445
zone;-1350.4266357422;372.03125;-60.049152374268;-1020.1180419922;831.96875;38.502338409424
line;-1396.212890625;340.03125;-96.279800415039;-1396.3210449219;340.03125;-167.70629882813
line;-1421.6556396484;340.03125;15.132270812988;-1396.4294433594;340.03125;-96.490348815918
line;-1454.4777832031;364.03125;-36.15047454834;-1454.2515869141;364.03125;-165.5029296875
line;-1453.0333251953;378.73471069336;-17.309501647949;-1454.0256347656;364.03125;-35.975547790527
line;-1454.8179931641;411.29418945313;-1.4018249511719;-1452.8814697266;379.22900390625;-16.815208435059
line;-1454.8743896484;456.73059082031;6.2805938720703;-1454.5676269531;411.29248046875;-1.4022827148438
line;-1454.4682617188;511.52178955078;-4.6623153686523;-1454.8743896484;456.73059082031;6.2805938720703
line;-1452.494140625;547.96875;-33.647407531738;-1454.1402587891;511.79708862305;-4.2438049316406
line;-1453.0792236328;547.96875;-166.04109191895;-1452.494140625;547.96875;-33.647407531738
line;-1454.2531738281;364.03125;-165.73094177246;-1453.0792236328;547.96875;-166.04109191895
line;-1847.96875;352.36837768555;-21.098892211914;-1844.5620117188;348.34674072266;-164.8272857666
line;-1849.28515625;472.14709472656;-0.03125;-1847.6121826172;472.30242919922;-168
line;-1878.96875;222.75704956055;-49.721225738525;-1878.96875;223.67660522461;-153.41213989258
line;-1846.4111328125;159.96875;-165.61344909668;-1847.96875;159.73937988281;-34.603240966797
line;-1848.4183349609;38.845153808594;-168;-1847.96875;40.092487335205;-1.1673202514648
line;-1879.96875;160.60003662109;-159.6332244873;-1879.96875;160.11416625977;-48.421440124512
line;-1729.2448730469;367.87130737305;127.96875;-1729.2448730469;367.87130737305;127.96875
line;-1783.96875;312.67840576172;99.742263793945;-1783.96875;312.67840576172;99.742263793945
line;-1646.1690673828;258.87725830078;127.96875;-1646.1690673828;258.87725830078;127.96875
line;-1843.8446044922;350.06237792969;-165.00665283203;-1847.4018554688;471.71112060547;-168
line;-1969.4788818359;226.03125;-45.520889282227;-1971.7866210938;226.03125;-156.60586547852
line;-1969.0660400391;226.03125;-45.42671585083;-1883.8126220703;226.03125;-48.915004730225
line;-1823.5020751953;350.31164550781;-32.03125;-1847.96875;470.87957763672;-2.343864440918
line;-1451.96875;344.64254760742;-163.87617492676;-1454.2828369141;364.03125;-165.69689941406
line;-1880.4509277344;226.03125;-155.29992675781;-1970.9887695313;226.03125;-157.23626708984
line;-1879.7487792969;160.45764160156;-159.96875;-1878.96875;223.35220336914;-153.9651184082
line;-1879.96875;160.13912963867;-159.88458251953;-1845.9237060547;160.56097412109;-164.48683166504
line;-1843.0568847656;162.58151245117;-165.20356750488;-1847.4616699219;39.567260742188;-168
line;-1847.96875;41.206314086914;-1.5815963745117;-1847.96875;470.25360107422;-1.2242813110352
line;-1729.4653320313;153.40528869629;127.96873474121;-1729.4617919922;153.39286804199;127.96875
line;-1887.861328125;-263.96875;-126.67235565186;-1888.3280029297;-271.96875;-12.191017150879
line;-1888.1875;-271.96875;-12.190086364746;-1951.96875;-271.72985839844;-14.37890625
line;-1951.96875;-271.72985839844;-14.37890625;-1951.96875;-266.77145385742;-127.74311065674
line;-1951.96875;-266.50692749023;-127.69367980957;-1887.9871826172;-263.96875;-126.53252410889
line;-1660.0391845703;347.87261962891;127.96873474121;-1660.0391845703;347.87261962891;127.96873474121
line;-1678.9760742188;354.50756835938;127.96875;-1678.9760742188;354.50756835938;127.96875
line;-2111.4753417969;338.96875;-150.68629455566;-2112.2802734375;338.96875;-43.723682403564
line;-2467.96875;238.08418273926;-161.89706420898;-2467.96875;241.03298950195;-120.225730896
line;-2467.96875;241.03298950195;-120.225730896;-2467.96875;253.68135070801;-95.124938964844
line;-2467.96875;253.51152038574;-95.29483795166;-2467.96875;296.89758300781;-95.26432800293
line;-2467.96875;297.13522338867;-95.256210327148;-2467.96875;329.80084228516;-107.85368347168
line;-2467.96875;329.80084228516;-107.85368347168;-2467.96875;364.97912597656;-148.61755371094
line;-2467.96875;365.48931884766;-149.11785888672;-2467.96875;375.05993652344;-165.21559143066
line;-2206.2526855469;721.79113769531;-47.880321502686;-2220.0593261719;655.05841064453;-47.827312469482
line;-1847.96875;159.73809814453;-47.28942489624;-1879.96875;161.54234313965;-49.076831817627
line;-1879.96875;160.96624755859;-48.599063873291;-1878.96875;223.50259399414;-50.445766448975
line;-1393.5676269531;302.38815307617;-166.76324462891;-1395.9737548828;300.07977294922;-95.567199707031
line;-1396.1733398438;299.96875;-95.337547302246;-1436.9116210938;297.96875;95.37744140625
line;-1452.3211669922;275.96875;-163.95886230469;-1452.7838134766;275.96875;-41.205562591553
line;-1451.96875;276.31091308594;-41.741088867188;-1451.96875;298.13079833984;-41.494823455811
line;-1451.96875;298.13079833984;-41.494823455811;-1405.7413330078;299.96875;-54.27787399292
line;-1451.96875;276.27606201172;-165.6594543457;-1451.96875;298.80712890625;-164.80932617188
line;-1451.96875;298.80712890625;-164.80932617188;-1395.0864257813;300.86929321289;-167.31645202637
line;-1392.03125;303.92437744141;-167.32385253906;-1392.3676757813;337.91720581055;-168
line;-1289.72265625;296.04681396484;127.96873474121;-1289.72265625;296.04681396484;127.96873474121
line;-1254.9466552734;229.00003051758;127.96875;-1254.5628662109;228.2596282959;127.96875
line;-1297.8295898438;310.13082885742;127.96876525879;-1297.8295898438;310.13082885742;127.96876525879
line;-1256.4182128906;228.98135375977;127.96875;-1267.1591796875;250.04055786133;127.96875
line;-1451.96875;343.8889465332;-164.09230041504;-1451.96875;345.87484741211;-5.775520324707
line;-1417.6737060547;340.00137329102;-1.8840103149414;-1451.96875;345.59503173828;-5.2300796508789
line;-1451.96875;345.59503173828;-5.2300796508789;-1454.2473144531;409.34854125977;-1.9437713623047
line;-1286.5235595703;261.69067382813;127.96875;-1286.5235595703;261.69067382813;127.96875
line;-1287.2601318359;301.84460449219;127.96876525879;-1287.2601318359;301.84460449219;127.96876525879
line;-1451.96875;298.3078918457;-164.41641235352;-1451.96875;297.65054321289;-43.576229095459
line;-2222.5930175781;642.8134765625;-69.644149780273;-2222.2333984375;644.55126953125;-107.33832550049
line;-1936.083984375;648.34698486328;-43.96875;-1936.03125;648.201171875;119.29886627197
line;-1936.03125;648.201171875;-43.311485290527;-2095.3806152344;648.28656005859;-43.96875
line;-2095.609375;648.32659912109;-43.96875;-2095.8391113281;847.96875;-43.342334747314
line;-2097.9621582031;645.96875;-161.09814453125;-2098.03125;647.18237304688;-44.601779937744
line;-1893.4711914063;698.77056884766;-46.264358520508;-1893.6746826172;698.87231445313;52.007255554199
line;-1893.6746826172;698.87231445313;52.007255554199;-1895.6927490234;788.11871337891;52.024967193604
line;-1895.6927490234;788.11871337891;52.024967193604;-1892.08203125;789.92407226563;-44.707550048828
line;-1892.0821533203;789.92407226563;-44.47883605957;-1893.6745605469;698.87225341797;-46.575035095215
line;-1820.4755859375;660.51971435547;-23.437171936035;-1820.7822265625;660.82635498047;55.049449920654
line;-1820.9860839844;661.03015136719;55.001010894775;-1787.4758300781;660.6728515625;70.95484161377
line;-1787.4758300781;660.6728515625;70.95484161377;-1747.4523925781;660.67291259766;54.560207366943
line;-1747.4523925781;660.67291259766;54.560207366943;-1747.6311035156;660.41290283203;-23.12512588501
line;-1747.6311035156;660.41290283203;-23.12512588501;-1820.4757080078;660.51983642578;-23.091117858887
line;-1397.0502929688;340.03125;-167.71821594238;-1451.96875;344.13830566406;-164.09732055664
line;-2216.0869140625;160.03125;-159.64346313477;-2215.96875;159.92631530762;-23.703628540039
line;-2216.1513671875;160.03125;-159.50863647461;-2247.6440429688;160.15008544922;-163.87884521484
line;-2247.6440429688;160.15008544922;-163.87884521484;-2253.0908203125;153.13529968262;-0.03125
line;-2223.96875;161.85069274902;-9.6611862182617;-2216.6989746094;160.03125;-15.858428955078
line;-2215.96875;72.781112670898;-9.3934783935547;-2216.1064453125;160.03125;-16.56697845459
line;-2215.96875;72.506210327148;-159.587890625;-2215.96875;72.506141662598;-9.2514419555664
line;-2215.96875;159.68815612793;-159.36401367188;-2215.96875;72.230407714844;-159.96089172363
line;-2467.96875;375.82357788086;-165.96934509277;-2467.96875;238.33618164063;-164.18203735352
line;-2415.9484863281;552.15258789063;-1.9375534057617;-2415.5288085938;552.12591552734;-166.46734619141
line;-2327.8718261719;560.21221923828;-125.96875;-2415.0190429688;559.216796875;-126.33090209961
line;-2227.5268554688;641.82946777344;-115.9983215332;-2327.8718261719;560.21221923828;-125.96875
line;-2284.0849609375;-264.42819213867;-52.03125;-2284.2661132813;-263.18222045898;-168
line;-2373.0932617188;-263.96875;-51.559310913086;-2284.0849609375;-264.42819213867;-52.03125
line;-2373.8310546875;-263.43954467773;-168;-2373.0932617188;-263.96875;-51.559310913086
line;-2284.2744140625;-263.58221435547;-168;-2374.1848144531;-263.68597412109;-168
zone;-1842.4758300781;664.03125;-78.525146484375;-1142.0443115234;817.96875;84.458724975586
line;-1848.7764892578;160.03125;-26.239524841309;-1845.1666259766;159.96875;-166.41247558594
line;-1887.1820068359;-263.96875;-126.43896484375;-1951.96875;-266.84912109375;-127.77116394043
line;-2248.083984375;471.62747192383;-168;-2136.3195800781;476.08374023438;-164.98873901367
line;-1846.4168701172;41.296188354492;-168;-1846.6007080078;159.96875;-167.51411437988
line;-1951.96875;-266.84912109375;-127.97702789307;-1951.6794433594;-271.96875;-15.541976928711
line;-1847.96875;352.70904541016;-27.639373779297;-1847.2055664063;352.96411132813;-168
line;-1879.96875;160.9880065918;-44.78987121582;-1878.9754638672;226.03125;-47.817779541016
line;-2114.9738769531;338.96875;-42.428371429443;-2116.0649414063;338.96875;-156.34777832031
line;-1849.6965332031;160.03125;-25.364356994629;-1847.96875;353.05902099609;-27.848411560059
line;-1971.1528320313;226.03125;-46.362590789795;-1879.6389160156;226.03125;-47.11727142334
line;-2216.6779785156;160.03125;-8.8946685791016;-2215.96875;159.58209228516;-158.82112121582
line;-1952.2083740234;472.03125;-7.2248764038086;-1951.96875;473.55499267578;-165.75773620605
line;-1847.96875;40.452690124512;-0.64376831054688;-1847.0166015625;40.783905029297;-168
line;-2258.4597167969;144.13575744629;-0.03125;-2254.25390625;154.59838867188;-168
line;-2145.2004394531;472.03125;-7.3605499267578;-1952.3714599609;472.03125;-7.5391616821289
line;-1878.96875;225.54988098145;-151.73454284668;-1879.7093505859;226.03125;-47.280536651611
line;-2253.3112792969;155.73567199707;-168;-2215.2375488281;159.46768188477;-159.96875
line;-2247.2854003906;472.03125;-15.319664001465;-2145.0810546875;472.03125;-7.9281997680664
line;-2136.296875;475.41891479492;-164.82250976563;-2145.2004394531;472.03125;-7.3605499267578
line;-1951.6794433594;-271.96875;-15.541976928711;-1888.8558349609;-272.90838623047;-16.031242370605
line;-2217.0202636719;160.03125;-9.438232421875;-2258.8354492188;143.50769042969;-0.031257629394531
line;-2248.03125;471.90701293945;-167.07171630859;-2247.2351074219;472.03125;-14.916175842285
line;-1847.96875;40.774208068848;-1.252082824707;-1849.1206054688;160.03125;-25.97437286377
line;-2415.9182128906;552.38232421875;-0.27617645263672;-2415.8662109375;552.77679443359;-166.35705566406
line;-1888.8558349609;-272.90838623047;-16.031242370605;-1886.8753662109;-263.96875;-126.60344696045
zone;-2379.6472167969;-726.56787109375;-167.36061096191;-1554.96484375;-287.69146728516;-13.755447387695
line;-2383.96875;88.240310668945;22.263519287109;-2382.1879882813;87.672050476074;-166.64614868164
line;-2246.1286621094;645.36877441406;-44.685699462891;-2392.7175292969;673.25958251953;-45.241027832031
line;-1677.4600830078;645.96875;-23.420822143555;-1676.7319335938;645.96875;52.771347045898
line;-1677.8239746094;645.96875;53.867233276367;-1641.9855957031;645.96875;69.429748535156
line;-1641.5985107422;645.96875;69.514450073242;-1603.5086669922;645.96875;53.615646362305
line;-1602.1937255859;645.96875;53.409606933594;-1602.1938476563;645.96875;-22.190216064453
line;-1601.7540283203;645.96875;-22.574867248535;-1677.4602050781;645.96875;-22.574111938477
line;-1746.9564208984;647.29962158203;-22.464225769043;-1746.6307373047;647.29962158203;53.290252685547
line;-1746.6307373047;647.29962158203;53.865310668945;-1783.0738525391;647.44940185547;69.806594848633
line;-1783.0738525391;647.44940185547;69.806594848633;-1820.3103027344;648.58978271484;55.434188842773
line;-1820.5393066406;648.23870849609;55.270782470703;-1820.8563232422;648.85021972656;-22.195785522461
line;-1820.8563232422;648.05859375;-22.056861877441;-1746.6302490234;647.29962158203;-22.480415344238
line;-1847.9759521484;39.931716918945;-166.93026733398;-1848.5637207031;39.96875;-2.1961669921875
line;-2013.5794677734;67.651458740234;-159.96875;-2011.5302734375;66.268074035645;-92.255271911621
line;-2010.9510498047;66.375305175781;-92.39608001709;-1989.03125;68.335029602051;-91.703689575195
line;-1969.6727294922;343.96875;-149.83323669434;-1969.2423095703;343.96875;-91.140403747559
line;-1968.3767089844;343.96875;-91.312759399414;-1971.03125;413.56561279297;-91.348480224609
line;-1968.9470214844;343.96875;-91.6796875;-1888.2432861328;343.96875;-90.904396057129
line;-2113.2534179688;338.96875;-146.5240020752;-2114.4052734375;338.96875;-41.791679382324
line;-2110.96875;448.22738647461;-159.11697387695;-2110.96875;441.07562255859;-40.764530181885
line;-2218.3752441406;643.10931396484;-139.66375732422;-2224.7858886719;641.30798339844;-53.338283538818
line;-2095.1518554688;645.96875;-162.85208129883;-2092.9836425781;645.96875;-45.173198699951
line;-2092.9836425781;645.96875;-45.173198699951;-1936.9913330078;647.46948242188;-45.731540679932
line;-2223.8344726563;641.12701416016;-47.926918029785;-2208.9851074219;708.58422851563;-46.75256729126
line;-2145.1943359375;72.03125;-27.104103088379;-2142.6057128906;71.408325195313;-159.96875
line;-2246.5424804688;351.96875;-29.174331665039;-2250.2712402344;345.3603515625;-164.53559875488
line;-2143.5913085938;71.091087341309;-159.96875;-2144.2395019531;39.96875;-162.84901428223
line;-2144.7229003906;39.96875;-162.69630432129;-2143.96875;40.37512588501;-20.89900970459
line;-2143.96875;40.37512588501;-20.89900970459;-2143.96875;72.023834228516;-28.272186279297
line;-2247.0559082031;351.96875;-31.939208984375;-2114.4641113281;338.96875;-41.38264465332
line;-2245.939453125;39.96875;-166.36987304688;-2245.9396972656;39.96875;-8.677375793457
line;-2249.1779785156;40.250732421875;-168;-2145.1787109375;39.96875;-163.97200012207
line;-2144.6696777344;39.96875;-21.3583984375;-2244.4926757813;39.96875;-11.691024780273
line;-2467.96875;235.14848327637;-164.85415649414;-2470.6518554688;251.96875;-97.005126953125
line;-2469.2375488281;251.96875;-97.560394287109;-2467.96875;328.47583007813;-107.44728851318
line;-2467.96875;329.099609375;-107.70623779297;-2467.96875;376.25341796875;-164.61605834961
line;-2467.96875;376.76165771484;-164.71966552734;-2467.96875;235.70561218262;-164.57620239258
line;-2249.4892578125;159.96875;-165.96043395996;-2248.03125;158.9501953125;-20.579666137695
line;-2248.03125;157.25621032715;-21.794250488281;-2248.03125;41.899063110352;-14.90966796875
line;-2248.03125;159.18542480469;-166.90484619141;-2247.4331054688;39.132461547852;-168
line;-1523.2449951172;275.96875;-158.27990722656;-1521.3187255859;275.96875;-46.507926940918
line;-1521.0936279297;275.96875;-45.884998321533;-1455.3421630859;275.96875;-49.57205581665
line;-1454.0842285156;275.96875;-165.32385253906;-1455.8425292969;275.96875;-49.389072418213
line;-1522.8040771484;275.96875;-166.55854797363;-1454.0842285156;275.96875;-165.32385253906
line;-1558.7874755859;93.651100158691;-87.757179260254;-1558.0225830078;93.76358795166;-167.15126037598
line;-1521.9216308594;253.23252868652;-10.775207519531;-1519.6223144531;275.96875;-46.087726593018
line;-1521.3129882813;183.69792175293;6.3345794677734;-1521.9216308594;253.23252868652;-10.775207519531
line;-1523.2268066406;100.72190093994;-23.322303771973;-1521.3129882813;183.69792175293;6.3345794677734
line;-1522.0031738281;92.031242370605;-75.631927490234;-1523.4276123047;100.671043396;-23.373138427734
line;-1521.0118408203;92.031242370605;-167.03567504883;-1521.7562255859;92.031242370605;-75.377098083496
line;-1524.03125;362.44750976563;-37.49893951416;-1524.03125;362.85235595703;-164.25073242188
line;-1523.1019287109;383.40515136719;-12.639030456543;-1524.03125;362.17785644531;-38.261169433594
line;-1522.3116455078;456.2561340332;6.3403625488281;-1523.5239257813;382.62789916992;-13.416290283203
line;-1523.5932617188;544.93994140625;-28.984100341797;-1522.1184082031;456.13354492188;6.3557968139648
line;-1519.9384765625;547.96875;-167.17218017578;-1524.16796875;545.05157470703;-29.095779418945
line;-1395.1226806641;300.83316040039;-96.517951965332;-1393.1923828125;302.76336669922;-163.83197021484
line;-1408.1927490234;300.33258056641;-41.519546508789;-1395.1226806641;300.83316040039;-96.517951965332
line;-1451.96875;297.78442382813;-43.44930267334;-1408.1927490234;300.33258056641;-41.519546508789
line;-1455.4002685547;275.96875;-49.236381530762;-1451.96875;298.71182250977;-43.14315032959
line;-1451.96875;294.51287841797;-162.02946472168;-1451.96875;297.10958862305;-43.563694000244
line;-1454.4208984375;275.96875;-164.53137207031;-1451.96875;294.51287841797;-162.02946472168
line;-1392.4704589844;303.48529052734;-166.71722412109;-1451.96875;294.51312255859;-162.91876220703
line;-1866.6120605469;-64.992065429688;127.96875;-1866.638671875;-65.103088378906;127.96875
zone;-2671.96875;147.22741699219;-165.57197570801;-2467.7927246094;462.48193359375;-33.52205657959
line;-1522.4197998047;455.09017944336;6.9940719604492;-1524.03125;362.36599731445;-36.646659851074
line;-1522.4197998047;182.73236083984;7.1570358276367;-1519.2178955078;274.76260375977;-31.620346069336
line;-1952.6497802734;-263.96875;-30.290420532227;-1952.5249023438;-263.96875;-126.38803100586
line;-1978.03125;222.68621826172;-45.662288665771;-1978.03125;224.38430786133;-153.57182312012
line;-2248.03125;471.20095825195;-23.738906860352;-2248.03125;470.8674621582;-167.70356750488
line;-1521.0296630859;547.96875;-164.61221313477;-1522.7531738281;545.59783935547;-29.642051696777
line;-1537.0018310547;96.854843139648;-161.5210723877;-1528.03125;93.912994384766;-24.991333007813
line;-1888.6124267578;-267.96875;-127.98989868164;-1888.03125;-273.15805053711;-16.366310119629
line;-1899.4521484375;226.03125;-158.42900085449;-1897.2326660156;226.03125;-46.915279388428
line;-1888.1516113281;-273.19226074219;-16.03125;-1952.6497802734;-263.96875;-30.290420532227
line;-1897.6818847656;226.03125;-47.326164245605;-1978.03125;221.69877624512;-45.567771911621
line;-1936.03125;695.91271972656;78.74732208252;-1936.03125;695.53430175781;-46.995532989502
line;-1524.03125;362.89056396484;-36.658134460449;-1524.03125;362.89056396484;-166.43971252441
line;-1520.5861816406;274.69750976563;-31.431800842285;-1505.6761474609;275.96875;-165.85064697266
line;-1952.4244384766;-263.96875;-126.0710144043;-1888.2355957031;-268.15585327148;-127.96875
line;-1879.9757080078;351.96875;-19.826782226563;-1893.232421875;343.96875;-149.50489807129
line;-1930.2036132813;791.087890625;-47.96875;-1935.1568603516;791.34045410156;79.112457275391
line;-1521.9696044922;545.49151611328;-29.535743713379;-1522.4197998047;455.09014892578;7.4076080322266
line;-1528.03125;96.591842651367;-24.726600646973;-1522.4197998047;182.1955871582;7.8039779663086
line;-1935.1157226563;791.15020751953;79.0712890625;-1936.03125;695.91271972656;78.502838134766
zone;-1020.6681518555;-72.767669677734;-165.18283081055;-738.20330810547;311.96875;29.03205871582
line;-2222.3024902344;644.21612548828;-70.389686584473;-2238.1628417969;653.06323242188;-39.96875
line;-1554.0307617188;94.350593566895;-89.687049865723;-1553.5506591797;94.421211242676;-160.63572692871
line;-1454.1402587891;497.93023681641;0.86756896972656;-1454.1402587891;422.15548706055;1.4203109741211
line;-2279.6240234375;621.06677246094;-87.854385375977;-2275.6999511719;644.61096191406;-87.085845947266
line;-2346.5598144531;631.07818603516;-85.96875;-2280.0307617188;619.400390625;-85.96875
line;-1454.6744384766;547.56591796875;-33.947006225586;-1454.1402587891;497.45135498047;0.63176727294922
line;-1820.5963134766;648.240234375;55.230117797852;-1781.4674072266;648.48736572266;69.590881347656
line;-1844.6793212891;352.03125;-166.69857788086;-1847.2895507813;472.6623840332;-168
line;-1819.0388183594;645.96875;-25.259353637695;-1820.8563232422;647.94110107422;55.197860717773
line;-1847.96875;471.91766357422;-8.6110534667969;-1847.96875;352.5947265625;-18.788192749023
line;-1743.96875;647.46447753906;-26.143669128418;-1820.1003417969;645.96875;-24.994644165039
line;-1397.1728515625;340.03125;-94.93000793457;-1394.9683837891;339.0126953125;-165.77404785156
line;-1935.6229248047;647.96875;114.83821105957;-1936.2537841797;647.83807373047;-45.721218109131
line;-1415.7159423828;340.00228881836;-10.372291564941;-1396.671875;340.03125;-95.003402709961
line;-1601.3654785156;645.96875;52.303085327148;-1637.2788085938;645.96875;69.255767822266
line;-2467.96875;239.07646179199;-162.64028930664;-2467.96875;375.79202270508;-164.36145019531
line;-1600.6571044922;645.96875;-25.164688110352;-1599.96875;646.04718017578;52.096008300781
line;-1878.96875;224.39476013184;-53.914367675781;-1878.96875;225.42430114746;-152.00212097168
line;-1745.6317138672;647.29962158203;55.242721557617;-1743.96875;646.68975830078;-27.590469360352
line;-1849.2327880859;351.96875;-17.94393157959;-1845.2644042969;346.64196777344;-164.65167236328
line;-1782.1013183594;648.1728515625;69.675994873047;-1745.2833251953;647.29956054688;54.535369873047
line;-2280.185546875;617.69799804688;-121.25138092041;-2279.8308105469;619.82586669922;-86.839454650879
line;-1847.96875;471.69055175781;-7.2102966308594;-1847.96875;471.91873168945;-167.68646240234
line;-2467.96875;254.61566162109;-95.896911621094;-2467.96875;238.50692749023;-162.01625061035
line;-1451.9016113281;547.96875;-163.96015930176;-1454.6744384766;547.56591796875;-33.947006225586
line;-1520.0516357422;275.96875;-38.405448913574;-1519.0168457031;275.96875;-161.89172363281
line;-1276.2161865234;261.130859375;127.96875;-1276.0889892578;261.52612304688;127.96876525879
line;-1847.96875;40.888961791992;-1.5456237792969;-1847.96875;41.806617736816;-166.81414794922
line;-1676.7509765625;645.96875;-26.198829650879;-1604.5690917969;645.96875;-27.58765411377
line;-1521.7355957031;92.637252807617;-33.358467102051;-1520.9022216797;184.08200073242;6.3622817993164
line;-1521.8286132813;92.03125;-165.26602172852;-1520.7000732422;92.655342102051;-33.306091308594
line;-2467.96875;375.79202270508;-164.36145019531;-2467.96875;304.91687011719;-98.174537658691
line;-1676.7510986328;645.96875;52.612167358398;-1677.2276611328;645.96875;-26.106842041016
line;-1302.6398925781;219.56462097168;127.96876525879;-1302.6398925781;219.56462097168;127.96876525879
line;-1522.2646484375;185.0510559082;6.2402114868164;-1520.0516357422;275.96875;-38.405448913574
line;-2467.96875;304.91687011719;-98.174537658691;-2467.96875;254.0047454834;-95.900535583496
line;-1636.8803710938;645.96875;69.118942260742;-1676.7509765625;645.96875;52.013977050781
line;-2207.5026855469;338.96875;-44.266826629639;-2205.3547363281;338.96875;-152.0350189209
line;-2093.40234375;645.96875;-45.867900848389;-1935.4165039063;647.96875;-43.822528839111
line;-2093.4028320313;645.96875;-161.91415405273;-2094.1118164063;645.96875;-45.988670349121
line;-2208.9453125;678.44195556641;-128.5354309082;-2325.0993652344;562.85626220703;-126.04721069336
line;-2216.6372070313;671.59887695313;-47.329940795898;-2208.447265625;728.66955566406;-46.906631469727
line;-1451.96875;363.36199951172;-37.894554138184;-1451.3444824219;361.65341186523;-168
line;-2222.2453613281;644.49304199219;-107.7668762207;-2222.3337402344;644.06494140625;-70.788246154785
line;-1454.1402587891;422.39324951172;1.9017486572266;-1451.96875;363.54473876953;-37.899612426758
zone;-1445.7689208984;92.03125;-165.4736328125;-1019.9907226563;311.96875;25.893478393555
line;-2283.259765625;-263.96875;-167.10374450684;-2283.6242675781;-263.96875;-52.983749389648
line;-2372.451171875;-263.96875;-51.419914245605;-2286.65234375;-266.08810424805;-52.031246185303
line;-2367.5910644531;-262.24264526367;-168;-2371.96875;-264.05084228516;-52.213623046875
line;-2283.5100097656;-263.96875;-167.52891540527;-2367.8911132813;-261.71936035156;-168
line;-1745.0922851563;647.29956054688;53.348678588867;-1743.8663330078;647.93438720703;-22.188186645508
line;-1782.3057861328;647.71307373047;69.70344543457;-1745.0922851563;647.29962158203;52.768005371094
line;-1820.1558837891;649.62799072266;55.544311523438;-1781.9183349609;647.28918457031;69.965698242188
line;-1820.8563232422;647.51818847656;-22.056884765625;-1820.8563232422;647.51818847656;52.969375610352
line;-1743.4997558594;647.84271240234;-21.342613220215;-1820.8563232422;651.00671386719;-21.214729309082
line;-2094.8486328125;645.96875;-45.555072784424;-2088.3217773438;643.39837646484;-165.73376464844
line;-1936.9635009766;647.48327636719;-46.369033813477;-2094.8486328125;645.96875;-45.555072784424
line;-1938.0826416016;649.66772460938;119.96873474121;-1936.1015625;647.91424560547;-46.410034179688
line;-1847.96875;352.79119873047;-24.130378723145;-1847.96875;353.54287719727;-163.81719970703
line;-1969.6900634766;226.03125;-47.09875869751;-1969.0148925781;226.03125;-153.27656555176
line;-2247.6740722656;160.03125;-15.14794921875;-2247.3977050781;160.03125;-161.70916748047
line;-1847.6494140625;41.687866210938;-0.03125;-1847.96875;41.962982177734;-163.04608154297
line;-1600.4097900391;645.96875;52.921752929688;-1601.2860107422;645.96875;-24.685127258301
line;-2467.96875;362.42572021484;-123.2063293457;-2467.96875;305.65856933594;-99.309326171875
line;-1884.9339599609;-263.96875;-125.18321228027;-1951.96875;-267.60607910156;-127.91086578369
line;-2467.96875;376.49896240234;-164.89364624023;-2467.96875;246.5022277832;-160.06953430176
line;-1951.96875;-267.60607910156;-127.91086578369;-1951.96875;-267.60610961914;-15.774490356445
line;-1887.4405517578;-263.96875;-17.133834838867;-1885.3879394531;-263.96875;-125.1960067749
line;-1951.96875;-267.60610961914;-15.774490356445;-1887.4405517578;-263.96875;-17.133834838867
line;-1822.3448486328;-1.6170806884766;127.96875;-1824.3942871094;-2.0046844482422;127.96875
line;-1601.7247314453;645.96875;-23.274726867676;-1672.5;645.96875;-24.908889770508
line;-2467.96875;377.64584350586;-163.29815673828;-2467.96875;360.86273193359;-123.17364501953
line;-1674.3405761719;645.96875;-24.542831420898;-1675.5772705078;645.96875;53.922714233398
line;-2467.96875;257.28225708008;-98.639251708984;-2467.96875;242.95794677734;-163.10440063477
line;-1676.1983642578;645.96875;54.169570922852;-1633.7053222656;645.96875;69.900253295898
line;-2467.96875;305.65856933594;-99.309326171875;-2467.96875;256.41082763672;-98.860710144043
line;-1635.7373046875;645.96875;71.38508605957;-1600.4097900391;645.96875;52.327117919922
zone;144.03125;752.26220703125;-135.63291931152;633.63623046875;887.3056640625;19.96875
line;400.02249145508;312.0224609375;-112.59692382813;400.20803833008;312.2080078125;-256.56939697266
line;220.03125;294.06884765625;-140.00480651855;220.95904541016;294.96740722656;-255.96875
line;219.82073974609;226.03125;-140.35130310059;220.03125;294.06884765625;-140.00480651855
line;219.16348266602;226.05567932129;-255.96875;219.82073974609;226.03125;-140.12509155273
line;421.71551513672;-146.20520019531;-167.44529724121;416;-15.950445175171;-162.96411132813
line;416.0309753418;-16.030988693237;-46.624313354492;416.13217163086;-16.17013168335;-162.96875
line;216;160.28274536133;-39.629508972168;216.10754394531;159.76525878906;-255.52978515625
line;208.03125;88.333557128906;-160.13957214355;208.10122680664;152.05712890625;-159.83583068848
line;144.37922668457;56.154685974121;-160.23289489746;208.03125;88.333557128906;-160.04588317871
line;160;-231.67630004883;39.86003112793;160;-231.43446350098;-151.44190979004
line;352.5617980957;-568.10662841797;-88.573150634766;352.24505615234;-567.83172607422;-158.68881225586
line;307.33947753906;-528.85705566406;-88.322525024414;352.5617980957;-568.10662841797;-88.573150634766
line;306.71942138672;-528.31890869141;-159.67584228516;307.33947753906;-528.85705566406;-88.322525024414
line;261.27725219727;-574.248046875;-89.228652954102;303.30737304688;-526.73583984375;-89.224021911621
line;260.46710205078;-575.16400146484;-159.20843505859;261.43078613281;-574.07458496094;-89.06273651123
zone;122.18447875977;-1735.7038574219;-246.95516967773;751.41229248047;-1402.03125;-1.1913299560547
line;-507.88372802734;-2071.24609375;-116.03523254395;-519.96148681641;-1995.3288574219;-116.11851501465
line;-35.907104492188;-1759.6516113281;-111.28839111328;-35.117134094238;-1758.3323974609;-167.96875
line;62.96875;-1754.9887695313;-112.62492370605;-36.928176879883;-1759.5684814453;-111.32110595703
line;-278.30874633789;-2021.6262207031;-43.823696136475;-267.9049987793;-2016.05078125;-166.36050415039
line;-205.59092712402;-2078.3647460938;-49.303886413574;-204.10353088379;-2079.8522949219;-162.28300476074
line;-283.03100585938;-2029.0014648438;-40.989128112793;-205.59092712402;-2078.3647460938;-49.303886413574
line;-101.20346832275;-1511.96875;-71.604354858398;-113.21993255615;-1402.03125;-71.28604888916
line;-103.13835144043;-1511.96875;-54.926788330078;-103.54961395264;-1511.96875;-70.235580444336
line;-106.08462524414;-1584.0643310547;-53.96875;-103.5099105835;-1514.3800048828;-53.968746185303
line;-98.686729431152;-1583.5740966797;-60.344638824463;-98.693695068359;-1589.9782714844;-167.96875
line;-406.75042724609;-1642.4881591797;-42.282051086426;-407.75442504883;-1643.7430419922;-162.48956298828
line;-391.96875;-1622.9241943359;-40.873893737793;-389.32037353516;-1512.03125;-40.489185333252
line;-218.95610046387;-2301.7192382813;-163.19590759277;-218.39022827148;-2303.6657714844;-104.5901260376
line;-14.308191299438;-1827.96875;-110.22551727295;-14.308193206787;-1827.96875;-46.990718841553
line;-619.912109375;-2024.2633056641;-63.783031463623;-619.416015625;-2025.1524658203;-106.77876281738
line;-572.57330322266;-2109.1157226563;-61.600917816162;-619.912109375;-2024.2633056641;-63.783031463623
line;-599.32507324219;-2002.0224609375;-116.08303833008;-521.576171875;-1989.0643310547;-116.5106048584
line;-600.54443359375;-2002.2257080078;-169.51275634766;-599.44573974609;-2002.0426025391;-116.08316802979
line;-947.25402832031;-2432.7272949219;-162.46589660645;-946.76165771484;-2432.6140136719;-110.55995941162
line;-852.19165039063;-2491.4375;-105.70871734619;-868.90649414063;-2419.5639648438;-106.64822387695
line;-897.10766601563;-2510.7126464844;-45.350490570068;-896.8583984375;-2512.2021484375;-111.82804107666
line;-816.78778076172;-2566.1865234375;-42.922260284424;-829.94683837891;-2488.294921875;-44.03125
line;-832.6630859375;-2488.5915527344;-44.03125;-900.65447998047;-2500.455078125;-44.03125
line;-876.95300292969;-2416.5661621094;-110.84006500244;-946.51708984375;-2432.5578613281;-110.32743835449
zone;-1706.2095947266;-2704.2158203125;-257.96875;-545.87139892578;-2015.6473388672;162.39042663574
line;195.96875;-1605.8848876953;-169.26693725586;195.96875;-1606.8820800781;-75.740524291992
line;195.96875;-1606.7672119141;-75.753768920898;198.02449035645;-1593.6754150391;-58.620571136475
line;195.96875;-1511.7097167969;-34.713287353516;198.26657104492;-1593.6419677734;-58.583492279053
line;-36.587928771973;-1757.4481201172;-167.96875;-37.715579986572;-1759.6062011719;-111.40327453613
line;-37.715579986572;-1759.6062011719;-111.40327453613;-42.898948669434;-1825.4672851563;-111.95208740234
line;-391.95080566406;-1624.0362548828;-163.96875;-391.96875;-1624.0344238281;-40.420013427734
line;-98.613189697266;-1581.6374511719;-160.22953796387;-98.609588623047;-1581.5421142578;-55.318603515625
line;-247.84693908691;-1584.4036865234;-56.448226928711;-100.02229309082;-1584.9254150391;-53.96875
line;-602.03125;-1258.4039306641;-165.62846374512;-602.03125;-1258.4313964844;-68.943893432617
line;-602.03125;-1258.4477539063;-68.965072631836;-614.42248535156;-1254.8942871094;-34.296371459961
line;-520.68670654297;-1251.96875;-65.188209533691;-522.00677490234;-1251.96875;-126.05279541016
line;-521.97241210938;-1251.96875;-126.03624725342;-584.55926513672;-1251.96875;-125.67713928223
line;-584.52154541016;-1251.96875;-125.68006896973;-584.61047363281;-1251.96875;-65.865234375
line;-584.59936523438;-1251.96875;-65.877670288086;-520.89520263672;-1251.96875;-65.132415771484
line;-432.29272460938;-526.35705566406;-144.03475952148;-792.13061523438;-520.03125;-144.02938842773
line;-592.08148193359;-1144.009765625;-167.96018981934;-735.98413085938;-1144.0493164063;-167.96875
line;-607.20318603516;-806.60229492188;-117.11134338379;-601.03125;-807.27111816406;-144.20252990723
line;-631.69458007813;-806.93145751953;-93.823799133301;-607.19158935547;-806.60803222656;-117.13291931152
line;-664.25811767578;-807.18481445313;-83.596923828125;-631.69458007813;-806.93145751953;-93.823799133301
line;256.03125;-2107.623046875;65.905372619629;256.03125;-2106.6594238281;-37.734233856201
line;256.03125;-2053.1547851563;66.771987915039;256.03125;-2107.7036132813;65.908210754395
line;256.03125;-2053.044921875;66.196701049805;256.03125;-2052.2341308594;-38.390071868896
line;111.90104675293;-2087.9924316406;-41.795166015625;112.82939147949;-2088;87.05647277832
zone;-512.50134277344;-2402.7297363281;-167.96875;666.87030029297;-1600.03125;83.450271606445
line;107.81137084961;-2195.1831054688;-39.96875;109.96875;-2085.1726074219;-43.718208312988
line;107.81627655029;-2195.193359375;-39.96875;4.4491271972656;-2195.1166992188;-39.968746185303
line;111.5516204834;-2088.0798339844;-41.533058166504;110.32639312744;-2087.3049316406;87.96875
line;256.03125;-2104.3781738281;64.085205078125;256.03125;-2104.3696289063;-34.310722351074
line;256.03125;-2057.4409179688;64.602142333984;256.03125;-2104.3781738281;64.085205078125
line;256.03125;-2057.4650878906;-35.065498352051;256.03125;-2057.4409179688;64.602142333984
line;-659.65386962891;-2159.2001953125;-62.430034637451;-660.00256347656;-2158.5966796875;-169.28514099121
line;-706.34197998047;-2078.3935546875;-62.453971862793;-659.65380859375;-2159.2001953125;-62.864723205566
line;-705.52252197266;-2079.8117675781;-170.90528869629;-706.34197998047;-2078.3935546875;-62.453971862793
line;-914.17034912109;-2307.3933105469;-163.57290649414;-909.95654296875;-2307.9514160156;-50.807613372803
line;-914.18591308594;-2307.3908691406;-163.58056640625;-869.11145019531;-2418.6821289063;-162.98846435547
line;-868.57257080078;-2420.9997558594;-106.27378845215;-869.11285400391;-2418.6765136719;-162.98878479004
line;-868.57513427734;-2420.9887695313;-106.45947265625;-955.65521240234;-2440.9196777344;-105.28735351563
line;-955.65692138672;-2440.9125976563;-105.28833770752;-938.50616455078;-2514.6611328125;-106.06413269043
line;-799.96875;-1591.9935302734;-167.89291381836;-799.96875;-1591.9995117188;-44.404067993164
line;-1136.0026855469;-1287.9567871094;-167.89715576172;-1136.0089111328;-1287.8568115234;-48.205383300781
line;-520.03125;-1644.0114746094;-163.96493530273;-519.99072265625;-1644.03125;-44.227149963379
line;-480.03125;-1511.9807128906;-39.819316864014;-480.03125;-1511.8226318359;52.574111938477
line;-480.03125;-1511.9632568359;-39.960552215576;-535.94976806641;-1511.9074707031;-39.96875
line;-663.93499755859;-1254.7005615234;-11.546684265137;-705.74822998047;-1254.6209716797;-27.42406463623
line;-705.74700927734;-1254.6457519531;-27.423347473145;-719.40698242188;-1254.5798339844;-42.514263153076
line;-725.96875;-1255.4393310547;-66.920516967773;-719.41925048828;-1254.5734863281;-42.537189483643
line;-246.84426879883;-1584.1944580078;-159.23486328125;-247.77548217773;-1584.6479492188;-55.425624847412
